0.6291629860785445 0.34800433343411785 1.3715920005036761 0.5035003790167359 0.6993470254453885 0.9235911663904335
0.9429007263962526 0.9767129746144031 0.7481966490140652 0.9591859667666675 0.49959250837366553 0.5631823516605232
1.1889025516079699 1.1876087061571978 1.311120419233404 1.3013579761574858 1.7464803274659144 0.823362915752476
1.5058155994351605 0.882151494998966 1.5832307062448994 0.7011396929941636 0.7454797788767963 1.424984360605434
0.725360900622313 0.41502097006524263 1.2274075849113435 0.5318551522750635 0.33050953236759023 0.4387232761248771
0.9750103162977238 0.8493961020555995 1.097629101732863 0.8530364534090453 0.9341338168081469 0.3453882936307774
0.621525583716736 0.3209831542981967 0.9531113558610533 0.950940631993069 1.3055226395899775 1.0162535472366605
0.7592600551035082 0.27165847953035577 0.8831404925288738 0.3263673237785496 0.6230012201108054 0.8611429805355882
0.6887371262809344 1.1060716641895838 1.5043681047867608 0.8703576553991141 1.4661661053756447 1.1527046489824817
1.5100381478511717 1.0059569190049429 0.8975633328790611 0.9981392088954174 0.9491937817185041 0.4771046233121117
0.8903251405200197 1.1916285725477542 0.8213323749506312 0.6368226128823975 0.8775455824977448 0.9856318252909391
0.7079587543240053 0.8864653118004935 1.5278195293143197 1.1952674980372608 1.5850461450805666 1.10913343727524
1.304485888963643 1.011215374041923 0.7230928588290243 1.4215002406308275 1.4434702576176022 1.1008677904334312
1.4250926257774756 0.6994330819577931 1.0011945862373082 1.1606200906629087 1.3921343153846149 1.1830098549714114
1.5049811783981977 1.0837639006325448 1.5961547112600742 0.6202669030103363 0.7704668442117313 0.69699299240961
0.4893859348721048 1.0820781899648868 1.2468144719367522 0.8387568385122843 1.2037092296518352 0.7418027680339294
1.2257152605546986 0.8190958884794952 0.9521738753096531 0.747279036945127 1.4098955982214654 1.0206707437068556
1.0548900329092221 1.5342907097500291 1.366938225230804 0.6982390515745261 1.7324805576193005 0.7634811158344321
1.424829837272863 1.346371843861406 1.2439376377019835 1.0160641521895386 1.6405702297112033 1.268849001588437
0.6047717387781295 0.5133811219407762 0.5717919916855501 0.8368945277424303 0.7636969918080465 0.42222104714693276
1.6222703483949994 1.1294916542324778 1.489578445478647 0.8226651004237827 1.570360504701717 0.9082925752388689
0.7304756255669721 0.8520341346074001 1.0495530867127716 1.2644235254960214 1.0863603834830482 1.1907317751012065
0.38097754179401905 0.3039310148839194 0.3792419756079143 1.1947573758125793 0.6291885327793901 0.5569633314393965
0.9702807473328875 0.39273249271205884 0.7442569883482572 0.8937363933830292 1.0162556613864453 0.8790328040529262
0.8809920593583672 0.8096300174086634 0.872917456108846 0.4461058868039224 0.798647742734518 0.4924442741654716
1.2323037572346507 1.141763525142208 0.9754099828352889 0.7435650068918435 1.0925344623330935 0.9253266333518977
0.9687742954927827 1.3075174423516296 0.973489499097864 1.196165053203384 1.1754040282996228 1.431612441069317
1.3163806387347148 1.010526499331157 1.4545373224784925 1.1440744427388474 1.703845769007737 0.6948007828454064
0.7716865016101454 1.358698745999381 1.6216863103180217 1.1398740166676973 0.9545286493977531 0.7674994090019176
0.699230807476713 0.4129319402914789 0.26060325290555036 1.011032983334413 0.24474485889452094 0.15919652715749383
0.44086672555366524 0.11130249301678648 0.8119516769658798 0.45230018530619553 1.1081939498986204 0.3450416471402824
0.9752628681710828 0.6994893231864451 0.8711017237610337 0.8820977903591714 0.8614028367276633 0.5591188068489197
0.2594262452482743 0.48481127088035014 0.2836368248816058 0.5449036276492304 0.8685832757899076 0.624839114875215
0.43876771961065136 1.0451970560253998 0.7976120072327898 0.35938611733162956 1.1156071265890428 0.8343986629160978
