0.777551464383035 0.4522431165624803 1.0667265252514202 1.1289977209485278 1.110259128748565 0.9928827410343641
0.6612861540738734 0.4447128942641967 0.5120737355304206 0.460305761003666 0.4801501716176469 0.9182916663694192
0.3360818918455327 1.2237145723249627 1.2135298678954383 0.33858797562187065 0.9579586839031717 0.9104923016018741
1.1172410141320945 0.6187477691467042 1.4343790566511616 1.3644087433247745 0.6560725204812037 0.8457205606605738
0.3199682367256885 0.7546111966436281 0.3438102439080012 0.5638064219484478 0.40761922589216754 0.9459161190447309
0.6604933797705933 0.4992343313024484 1.37826012405353 0.8674646829390138 0.9492694271503404 0.5319437438339654
0.31653367903949897 0.43718519788572663 0.9412789074187815 0.47416263897047634 0.6738732653903865 0.5087875895628927
1.0317920271871097 1.0062763680712852 0.9228414596955102 1.1591374946948525 1.1251845516659096 0.8737131549705933
0.6984295011813495 1.2452341842008003 1.2995201573959179 0.6222221287870241 0.5503295718658092 0.9801273820698845
0.9080609851514345 0.9912608566827148 0.5628480584899331 1.2332120303138037 0.7930669448408209 0.883536367710243
0.7265975060022015 0.5509028862228397 1.4033295258429561 1.0263318240362935 0.3834667734901599 0.5275046953536705
0.3402269915655058 1.1301136413067916 0.4514740036519932 1.2277910965489454 0.5464935385407936 0.825728273699489
0.8308509480061145 0.5321885853376057 1.2677885248424607 0.6738241462091371 0.5310274798504675 0.6535927680437045
1.0019271691928249 1.3187932402061835 1.1314017364518703 0.8250870362658606 1.3446558825724673 1.1342178664828988
0.9766502879966468 0.8044097922005777 1.1594060377934057 1.2602248724661411 1.2183775204939964 1.0111501547250368
0.9932532001587835 0.7333773307781841 0.48247420581503025 1.1396503809382645 1.0867585363264558 0.6194717144148528
0.40925926380530847 0.6682904586834957 0.9326997254350581 1.129676232625524 0.6458971124224642 0.9874860007907342
0.6888238525378263 1.0657070310211938 1.3708183298723875 1.3196657835556027 1.2619416985369682 0.5038766508643078
0.6938663455845646 0.5501751575760759 1.0260941409555078 0.350184039756375 0.6267020278800343 1.0375192637866009
0.28716235291903447 0.4692542404946348 0.8004932237763703 1.0408892692028495 0.9020362605215049 0.2776085630321766
0.590453408080724 1.253162001621938 1.1546062071978944 0.43347433094243426 1.0131668260177298 0.8355236437820515
1.090606155989014 0.2680427368416343 0.9619301300281741 1.2197906333230426 1.187574230284243 0.41570886568771775
1.2705504661052784 0.8468956572203116 0.6283720467593237 0.9701349817828336 0.7247666404000016 0.48561116099196006
0.5284390831330248 0.7214444875778282 1.4022119933731394 0.4328017973341742 1.305642435243474 0.9742599286511783
0.9122896554767186 0.6688084246989007 0.6629206486021845 0.3688915419291675 1.2720700309725752 1.0279191380614752
0.898202801542368 1.2050965326521623 1.2314701406000828 0.8116081985142071 1.3398287279482801 0.38054209453060445
0.5990081684402483 1.1409758661001763 1.1624397264419186 0.9427554559803192 0.7367496731949129 0.5255200823738615
0.46025344340372387 0.5680555973275256 1.0262987798624656 1.2208789559423932 1.0202698563440724 0.5327203159843424
0.7836055157395567 0.8370778000426518 1.1563194397605703 1.0141648416288989 1.1300948358146883 0.40999757392869735
0.1179109015163656 0.7558883473048224 0.8576551375722045 0.9331272219350131 0.14503557225578792 0.40485145275165735
0.639538771627245 0.9388506778314245 0.9942150171053459 0.055950135752801895 1.0533909184522015 0.9836797524227204
0.5771661825141743 0.1666343023117572 0.520086227616513 0.1890993328634705 0.6862890819941536 0.7988220383381455
0.1583499862629708 0.23287219746305385 0.575732523417137 0.7382923230975103 0.7150089087961196 0.362600891732597
0.5980012378969345 0.9798771884944303 0.8115668566101366 0.5785882609350169 0.7285667255695835 0.6957083570161021
