0.9871582716765012 0.8293949478774499 1.210102668498504 0.6851332799473039 1.198506279474325 0.6824547814014295
0.32905001423136593 1.222106184654486 1.1385328204201408 1.2390903571076646 1.0872484612765576 0.623417364117159
1.0729376947543623 0.9739155313825358 0.5148937394570829 0.8432840235066545 1.1157239042703784 0.8358716977744393
0.6860476624224506 0.7511542733857056 1.5100451139965885 0.7427458098209005 1.0321553051809362 0.634432072292966
0.6175105977682785 0.933168984436598 0.8583960227407511 0.8656646062217345 0.9954277432839567 0.6882135710824372
1.0176744911569269 0.980723925200687 0.74624909269413 0.9688300078039406 1.2057407204955066 0.9650121607187231
0.5024466162144956 1.2693461598855755 1.2010884012655334 0.3830214138212827 0.46700460445573455 0.5604943268752323
1.0598849712287972 0.5453757844100244 1.1385780733319817 0.6430986144404904 0.6605024337301332 0.3620424156324021
0.6524501826147558 0.8444925591398736 0.6547750521870317 1.1593621614004277 1.498478378772873 1.4414563969272707
0.6176860166237023 0.8452843041604692 0.8166405354002565 0.876091704111917 0.5750810376090929 0.9205760923518624
1.7400808759781687 1.00118785936247 1.3464821157586047 0.9378556633400903 1.5659700252768818 1.6049945626088942
1.7342153721095817 1.6717520245453799 1.3767861173176106 1.6649177145247944 1.5176891167608224 1.1155116197850259
1.5793145413908938 1.4270793605415515 0.8983504854249089 1.8457533956969994 1.9084237172751555 1.3131610238568086
1.6169940997036127 1.7194738448791596 1.3866942423589046 2.3825236145484077 1.9343709156612932 2.125893206452842
1.2523817108410666 1.133606582618927 1.1768142995690383 1.259268792985953 1.929520634091349 1.0515788797661105
1.366547983605187 1.2950056623075876 0.6230190301451222 0.971512658616129 1.1792746727867929 0.8611875983529921
1.4568853228946823 1.5501549297477544 1.3298106920814343 2.207551260647126 2.023468047029919 1.6429322878691985
1.184797611170058 1.5774804186734774 1.5357451991941744 1.7127523136532492 1.1827831308691823 1.1991830648929696
1.594290871347433 1.851336084995714 1.6235070667159879 1.698226655750258 1.8908063891732267 2.1651952493709525
0.3331568379317237 0.39404752805027593 1.1375643478040902 1.0109048843306727 0.5871598561472773 1.1921635618314124
1.4868941020827684 1.3751438591847278 0.6598585232297552 1.1200733130268006 0.8960767188572584 0.9097139997699837
0.8457630748204494 1.1791400537595622 0.8490328108910223 1.1955926850952783 0.695255153760067 0.5178283703924543
0.6055202520493713 0.6653871959286447 0.5167680347803175 1.009797364205169 1.1992647026617422 0.6061540520124691
1.2471723025792811 0.9087076596773521 1.3354327631495015 1.4283143898967825 1.187115043313781 1.7466709863178842
1.439576927359549 1.3824274305290494 0.791107675762227 1.02005489194418 1.309354911372644 0.47714929103397474
1.6228795216714347 1.2452462086257714 1.0907330488391747 1.1181408014141196 1.1930865830537611 1.6254506481444366
0.9733354093541612 0.8583063762372338 1.2318682655064546 0.8846141845931363 0.45840187863521276 0.738915356390106
0.578999046068152 0.9572155857699687 0.6236244578117451 0.7425730958558172 0.8239076375702518 1.2405026963565238
0.4287373067509975 1.0609078707811164 0.9125910915167514 0.7945134978008719 0.9895736055765517 1.0949756037523437
2.327187254495887 2.232309357275046 1.9853850947238436 2.5500962655345107 1.997613350649971 1.6250254277302516
1.648109517710498 2.1941697885811906 1.9209190002567156 1.7887114091973726 2.03071904161047 1.6035619596357706
2.0903356262940127 2.3152519244843304 1.7922787504358952 2.021792632039231 2.0905648487193194 1.67918029975544
2.1398883414052503 2.1865009125127597 1.4578470011082598 1.680855135129344 2.1266855488951584 1.8139567505214937
2.4477115728982306 1.8417486870480957 2.079400268834006 1.6936712697403258 1.8817348001183993 2.4200447345590286
