1.1279526447219117 1.2678797103417276 0.8153931187078509 1.0731784976944898 1.156610268084406 1.1345468199267617
0.9033226639983398 0.8617371631939807 0.6495951786950568 0.3571434890029873 0.6577348044866892 0.6950467408743419
0.7259003200303856 0.8284899186291261 1.2625270008077087 0.5053960156400799 0.973881848174325 1.1386267846746032
1.0520094530284327 0.6652755193987582 1.3055685789294078 1.2097158657689704 1.173426906343 0.5950726178554688
0.6373099781138596 0.6157409953788198 0.8021846677823059 0.7802904025675724 0.5381599826152522 0.45034586930713744
0.9770298748382538 0.6762115385599404 0.9019779007252909 0.7472404635753486 0.7473928830084557 1.003995417546726
0.6224783189541313 0.38714548952974825 0.6113748876148348 0.4385961484041921 0.6744995127761955 1.0395360907334192
0.7116628317327347 0.5178323658094083 0.46820608036046213 1.1052841185956306 1.305431255140035 0.3649055463157893
0.6352860389059836 0.6273401244134131 0.5617784350917883 0.9035185444612583 1.2780432555322216 0.8220453609160208
1.2201034928391041 1.0182160816519878 1.1969006226300314 0.6503912468109536 0.7155142304927453 1.164187745884011
1.1716971955141011 0.8862574339696445 0.8755351274686682 1.0235837517708348 1.207568971602511 0.679956963830411
1.161243134371162 0.9848700158276438 0.818901249798378 0.5867107881119228 1.051126097356379 0.6458702102270135
0.9550968377562349 0.9537855614646545 0.5203217884429617 0.9417533986534059 1.195677358394523 1.438526625119106
0.7913146165146748 1.4123196357013825 0.7470974849452374 0.7583861404340978 0.6273805827296093 1.0489301230927834
0.8380794867759863 1.0653151048629113 0.5554977081208619 1.006054978752795 1.1446030939159137 0.5778537903679488
1.259472138101443 0.7952488787513866 0.9800868178836021 1.327516108496793 0.9740472219915772 0.5756065768814997
1.4692183802248802 1.0956043818733272 0.9069522487390363 1.4942417984004528 1.477126680092085 1.3061786587811914
1.293187511662506 1.1171751994500476 0.5450306937165221 0.5609444963307234 1.3017371455144193 1.1179298014445018
1.3428419284565547 0.9739366297635983 0.6302286227501347 0.7303812029173864 1.3577165886895488 1.235357645179406
0.9056886850236268 0.9787387286248702 0.9638760998085445 1.0692823499442805 0.5311786643754645 1.1127921921173327
0.7607380181998072 0.6924203869184233 1.2929934124465399 0.6697981129194679 0.8064812247459403 1.3215025728015308
0.5472478339660907 0.5852695633937385 1.4097342419358119 0.5263109006123528 1.3225267889202956 0.5979217790459862
0.5175722520803899 0.515032365417596 1.323884599901286 1.0721751672556639 0.8986435135215288 0.5781267425380482
0.8949846580685772 0.5384850773498341 0.42656002472976323 0.38221084949304734 1.2294033050708744 0.4507648381760219
1.2471205126111824 0.705451773902473 0.9463400980230581 0.8385193350508233 0.5458438971457213 0.961689390127188
0.9079745171003171 0.514071627140784 0.5025828569493987 0.4310642970292771 0.9655962921472638 1.2644166534334966
1.1010623031984805 0.9580418828083497 0.6556095050257378 1.2841981568274174 1.2928591064369355 1.1531763169043172
0.6896034288142234 0.7317193126440349 1.10423614432806 1.3126622829798922 0.6027093056106287 0.972538665037126
1.518642322727102 1.3418533382195945 0.6639235634892552 1.0796266029346477 1.3128143042386564 0.6286638689909173
1.0683730674186278 0.9687143968324803 0.14448843387317672 0.5938292471942286 0.22028258735987902 0.6480540426298106
0.3750826501146071 0.9705812356008182 1.0597420973788994 0.5977200167419308 0.4724346468194508 0.3318499010912124
0.27328621349802606 1.0609875869158196 0.6146625026369082 0.8047068467202474 0.7508502093851631 0.24375371711585797
0.8495903552281477 0.5081310379516344 0.379346375069511 0.31489858043793645 0.37670483200701393 0.26237475970728547
0.45186298303432754 0.9302065535808668 0.19950702978035795 0.32447700668015267 0.6601360401776725 0.5405105727781149
