0.42320759196584984 1.2023415910661235 1.0410163181991594 0.8634968949615811 1.0603281649449063 0.9680323212877191
0.7094554086817653 0.6713510678598205 1.26737992540311 0.5090956777244554 1.0111687785847778 1.2851453542662368
1.3282503483296466 1.0157136609953188 0.855913611265113 1.4791928573894682 1.064297967853079 1.0147383415983569
0.9919601533150205 0.5438249388838307 1.2140097997766448 1.4039230429254228 0.8511012451784384 1.1593997548027164
0.8738362322476867 0.5888990758263924 0.7962776704623087 0.47647109816171723 0.8022096591952121 1.3985302868720486
1.3085736274144666 0.6548292217222613 0.6022605841719916 1.026158142861136 1.3546203980064773 1.4142538929999084
0.8151974683084862 0.8249277886868699 1.2091493038394712 0.5223786135728791 0.5760627270439032 0.9144021351143967
0.7591770114228978 1.2309485924765835 1.2275168384521884 1.0291118357862177 0.6662245774420592 0.7853412175129924
0.3773646381034919 0.9413596782639487 0.4570502139482656 0.5022225426593905 0.5753646101241839 1.0571624703614833
0.5232401798775291 1.4321757750145032 0.762824131873357 0.574832405268783 0.6514556553243721 1.187387989839669
1.3838079247102746 0.6754672900138079 1.0551366856664268 1.3952821726274696 1.3150240110892835 1.1571654568445982
0.8962550644758371 0.8291208902007744 1.0652427153310486 0.5672303794508897 1.4808675120336496 0.7954199038174412
1.4232711288900801 0.6003548412897481 1.3676193602299522 0.6818115371411047 0.7118397600437997 1.3375143138336023
1.2876886983503368 0.7955596649084806 1.4393826630125202 1.0881499636771255 0.48598506707067285 1.0089738221909375
0.4742859326325226 0.7288469725870376 0.8464319603863546 1.1804209253603082 1.1359461399649653 1.089450895453541
0.906515306580435 1.200771357990893 1.2737671744068229 0.9923869630451646 0.5326514463847952 0.6274600485154253
1.03609116152562 1.1499604726168864 0.8846824677450047 0.9094326546683451 0.9228326339126165 1.429985407680458
1.4541217966361437 0.8442170439834398 1.1126799225418114 0.9801954254327137 1.1456912297382071 1.5140310398561465
0.5354675783811232 1.1167981495008572 1.5485477104808956 1.4428632414567473 0.6092936767786666 1.2571157347259279
0.8493867151155468 0.862295432164741 0.7100654575191094 0.5425345910207924 0.9059545427850643 1.2560728350929498
1.0709007035864753 1.2860435992421761 1.2918692814500428 1.1007423640322442 0.5491681627209082 1.183886396375127
0.5988420843126034 0.9968025724580419 1.1493025933077463 0.5117201789770065 0.7084324470573906 0.6135255965767324
0.5172126661404225 0.5907232076858493 0.9639794811447409 0.9028929786212627 0.6630621857508843 1.0868020606245186
1.161029284692708 1.1064598271707198 0.9861111391437422 0.4993052208061224 0.6281043367474524 0.8076223853612027
0.5913627818440388 0.47453493493337606 1.289516225502124 0.6011341603633799 0.6559444940888313 0.9704912413977357
0.7310466594448861 0.9425164868258499 0.9579198523709184 0.6243172003412766 1.3807321681433398 0.5807744124040093
0.3726171473839062 0.6817927870129947 0.9107173039347553 0.9986157360201375 0.22955817112461743 0.24576722840090795
0.9902751669152571 0.8130166775273266 1.018489473623788 0.5784460514605869 0.3206662316441254 1.0523322707202587
1.0497418502831417 0.15758563742287632 0.5677335045371731 1.1077062283245442 0.9572437050909455 0.3543620861223187
0.47559353345845606 1.0640767748441045 0.9743865935096364 0.2559537577728288 0.7644855339328993 0.10464210077086376
0.8977119432949953 0.12421319897798472 1.057554684028403 0.8948242820989598 0.5774094796153135 1.0433960835944944
0.974035147281809 0.7608774008548235 0.9887541605011271 0.13753201832613104 0.7076202688332421 0.8957847563572251
0.9940087508876917 0.13595075380765692 0.6641826367094935 0.30953893703375585 0.21232795460922374 0.357954473620568
0.2811517830913031 0.8982228031375131 0.6386165272341678 0.5189876235488528 0.5499728840001175 1.0373862797511293
