0.8068530413523877 0.460457620048913 1.1055385484608438 0.4766495232407464 0.7316134973706612 0.4677164292477953
1.1589326136998248 1.2703868421708535 1.2842688698785032 0.9986158897636724 0.6659626456948966 1.1975555369763435
0.9055351753113776 0.5057438446090131 0.9939963000854485 1.0526553259322964 0.7518592968708961 0.9502323853457733
1.2854414908438978 0.4486965050333902 1.1742166979960318 1.2825509481077733 0.9458908190252623 1.2874329828371063
1.268691458240645 0.3946944421952446 0.6839496489776375 0.8882953608859887 0.5453893353898813 0.7328166270450972
1.4495243345251707 1.0710934197730537 0.46603290366196015 1.4373858142056355 0.627289534222992 0.4601929176025847
0.6238285759321093 1.1409288936724251 1.133704340585769 0.668540960563834 0.5196497092320624 1.2819605871421877
0.6800765539971191 0.8422143672726439 1.1124635748155796 1.1209903134935788 1.2640097939846429 0.5464333882182668
1.1029618860031718 1.3040298726093262 0.8524176063983632 0.8592263328257337 0.8951074079562505 0.3947377160528096
0.9616147845092873 1.3080740697815847 0.6018719428549468 1.0934561434294168 0.5406871035930558 0.392670738332085
1.4704132665888088 1.1445866872143449 1.0462057050632634 1.1419119196252616 1.021410297837921 1.1244543360724193
0.8329245412875639 0.6122459068269244 1.0804362346463237 1.4325526176553882 0.988295864777882 0.6723650718876377
0.9230437846485656 0.685685617309981 0.5396677335413594 1.3589910920715769 0.7782772263246982 1.2555299661480683
0.8279337049965424 0.8739105872510171 1.1034862830128431 0.7457904128096133 0.9014766790183757 0.4390793000037682
0.6818005066583007 1.2682590029567022 0.8862658275245942 1.321757214842954 1.41815313769192 0.5128407097666345
0.7105000302721605 1.0351881828226148 0.40040063587508523 0.6517876393114398 0.5814267116413752 0.9731998331048959
1.1619734675598552 0.42828569239454906 0.678071273828224 1.0478656249497977 1.2975107795203074 0.8711827962084064
1.2163148593194575 0.9456682474214083 1.0393070007931375 1.2552753901075535 0.5790159712106597 0.4819282967631158
0.7253419332904689 0.7042813300752165 0.32831008193307926 0.9697320169636945 0.4066050127778847 0.39447121362952964
1.158185647666055 0.4022223648707218 0.4103933120735518 0.887280411743218 0.3633391153698491 0.4175654094845025
0.7538076072435046 0.3717971894779573 1.2484339095679151 1.0250496808397496 1.0202497541970448 0.3023749553267719
1.1315504210692808 0.7967826814209956 0.900509137032942 1.158165918191146 0.9414544516154297 0.7023282694180175
0.8536633696997991 0.7590683728577823 0.7918038887138482 0.9526884109886884 0.8484088876512674 0.6186227720726742
1.1136664252219268 1.0491131738867423 0.6737344278720364 0.8819848781078329 1.3196331750553016 1.2157211168050222
1.1255513340470382 1.0739689072335932 0.33945901375532805 1.0424873496298532 0.6169143329646484 1.2877702749409243
0.7083982494692896 0.7511578670511931 1.1106873772605579 0.7710916113190271 0.45312285880593745 1.2703601203038786
1.0119703410177325 0.42056799975477344 1.128101163753865 0.9448930956743083 0.67053339581329 0.8086211741452105
0.24344794252310106 1.0340013953723046 0.18695189686428862 0.8714663138610408 0.8498313970585238 0.8857194974830424
0.8567437974912476 0.614017885936922 0.5993367665081131 0.48747968647761464 1.04763666238936 0.9491992316409492
0.19123877421795726 0.3932641308794247 0.6723125042731514 0.07078757766803802 0.787847977072791 0.1284017454559482
0.5519700249693953 0.11623003375913492 0.8134856640535861 0.9435105622523582 0.15005039579603308 0.9491106436174276
0.8345296058202568 0.26915044841878916 0.16758470748270116 0.7773535195954293 0.7011172494580323 0.5641408096598052
0.9606069971248166 0.1968406128617377 0.8578801304368469 0.35675696609079555 0.7971011551518035 0.08910990306055591
0.82338005484103 0.7957144807529021 0.2253267597154744 0.5150781512821626 1.0051397951453198 0.45507132492258195
